327,4
327,3
327,2
327,1
326,4
326,3
326,2
326,1
4294967294,1113
325,4
325,3
325,2
325,1
324,4
324,3
324,2
324,1
323,4
323,3
323,2
323,1
4294967294,1123
4294967294,1124
322,5
322,4
322,3
322,2
322,1
321,5
321,4
321,3
321,2
321,1
320,4
320,3
320,2
320,1
319,4
319,3
319,2
319,1
318,4
318,3
318,2
318,1
4294967278,331
317,4
317,3
317,2
317,1
316,4
316,3
316,2
316,1
4294967278,330
315,5
315,4
315,3
315,2
315,1
314,5
314,4
314,3
314,2
314,1
4294967278,329
4294967278,328
4294967278,326
4294967279,301
4294967278,324
313,4
313,3
313,2
313,1
312,4
312,3
312,2
312,1
311,4
311,3
311,2
311,1
310,4
310,3
310,2
310,1
309,4
309,3
309,2
309,1
4294967294,1122
4294967279,300
308,5
308,4
308,3
308,2
308,1
307,5
307,4
307,3
307,2
307,1
4294967278,322
306,4
306,3
306,2
306,1
305,4
305,3
305,2
305,1
304,4
304,3
304,2
304,1
303,4
303,3
303,2
303,1
302,4
302,3
302,2
302,1
301,5
301,4
301,3
301,2
301,1
300,5
300,4
300,3
300,2
300,1
299,4
299,3
299,2
299,1
298,4
298,3
298,2
298,1
297,4
297,3
297,2
297,1
296,4
296,3
296,2
296,1
295,4
295,3
295,2
295,1
294,5
294,4
294,3
294,2
294,1
293,5
293,4
293,3
293,2
293,1
4294967278,447
4294967278,446
292,4
292,3
292,2
292,1
4294967294,1655
291,4
291,3
291,2
291,1
290,4
290,3
290,2
290,1
289,4
289,3
289,2
289,1
4294967278,445
288,4
288,3
288,2
288,1
287,5
287,4
287,3
287,2
287,1
286,5
286,4
286,3
286,2
286,1
4294967279,298
4294967279,295
4294967278,444
4294967293,131
4294967293,130
4294967293,129
4294967293,128
4294967293,127
4294967293,126
4294967293,125
4294967293,124
4294967293,123
4294967293,122
4294967293,121
4294967293,120
4294967293,119
4294967293,118
4294967293,117
4294967293,116
4294967293,115
4294967293,114
4294967293,113
4294967293,112
4294967293,111
4294967293,110
4294967293,109
4294967293,108
4294967293,107
4294967293,106
4294967293,105
4294967293,104
4294967293,103
4294967293,102
4294967293,101
4294967293,100
4294967293,99
4294967293,98
4294967293,97
4294967293,96
4294967293,95
4294967293,94
4294967293,93
4294967293,92
4294967293,91
4294967293,90
4294967293,89
4294967293,88
4294967293,87
4294967293,86
4294967293,85
4294967293,84
4294967293,83
4294967293,82
4294967293,81
4294967293,80
4294967293,79
4294967293,78
4294967293,77
4294967293,76
4294967293,75
4294967293,74
4294967293,73
4294967293,72
4294967293,71
4294967293,70
4294967293,69
4294967293,68
4294967293,67
4294967293,66
4294967293,65
4294967293,64
4294967293,63
4294967293,62
4294967293,61
4294967293,60
4294967293,59
4294967293,58
4294967293,57
4294967293,56
4294967293,55
4294967293,54
4294967293,53
4294967293,52
4294967293,51
4294967293,50
4294967293,49
4294967293,48
4294967293,47
4294967293,46
4294967293,45
4294967293,44
4294967293,43
4294967293,42
4294967293,41
4294967293,40
4294967293,39
4294967293,38
4294967293,37
4294967293,36
4294967293,35
4294967293,34
4294967293,33
4294967293,32
4294967293,31
4294967293,30
4294967293,29
4294967293,28
4294967293,27
4294967293,26
4294967293,25
4294967293,24
4294967293,23
4294967293,22
4294967293,21
4294967293,20
4294967293,19
4294967293,18
4294967293,17
4294967293,16
4294967293,15
4294967293,14
4294967293,13
4294967293,12
4294967293,11
4294967293,10
4294967293,9
4294967293,8
4294967293,7
4294967293,6
4294967293,5
4294967293,4
4294967293,3
4294967293,2
4243767290,0
4243767289,0
4243767288,0
4243767287,0
4243767286,0
4243767285,0
4243767284,0
4243767283,0
4243767282,0
4243767281,0
4294967293,0
4294967279,86
4294967279,87
4294967279,203
4294967279,89
4294967279,90
4294967279,310
4294967279,204
4294967279,91
4294967279,444
4294967279,311
4294967279,205
4294967279,92
4294967279,206
4294967279,313
4294967279,207
4294967279,425
4294967279,93
4294967279,94
4294967279,208
4294967279,314
4294967279,209
4294967279,95
4294967279,401
