4294967278,570
4294967279,319
4294967279,192
4294967278,317
4294967279,129
4294967279,384
4294967279,131
4294967279,130
4294967278,321
4294967279,281
4294967279,132
4294967278,320
4294967279,405
4294967279,404
4294967278,323
4294967278,4
4294967279,403
4294967278,316
4294967278,6
4294967278,5
4294967279,317
4294967278,7
4294967278,372
4294967279,316
4294967278,8
4294967278,371
4294967279,401
4294967278,370
4294967278,10
4294967278,9
4294967279,399
4294967278,315
4294967279,315
4294967278,314
4294967278,11
4294967279,430
4294967278,369
4294967279,431
4294967278,368
4294967278,12
4294967279,434
4294967278,14
4294967278,13
4294967278,367
4294967279,311
4294967278,15
4294967278,574
4294967279,390
4294967278,329
4294967279,308
4294967278,308
4294967278,16
4294967279,309
4294967278,18
4294967278,17
4294967278,307
4294967278,19
4294967279,436
4294967278,305
4294967279,306
4294967278,349
4294967279,305
4294967278,20
4294967278,304
4294967278,22
4294967278,21
4294967279,303
4294967278,303
4294967279,304
4294967278,357
4294967278,23
4294967278,301
4294967279,301
4294967278,24
4294967278,299
4294967279,421
4294967278,27
4294967278,26
4294967278,25
4294967278,300
4294967279,299
4294967278,298
4294967279,297
4294967278,28
4294967278,297
4294967279,415
4294967278,31
4294967278,30
4294967278,29
4294967278,292
4294967278,41
4294967278,40
4294967278,39
4294967278,38
4294967278,37
4294967278,36
4294967278,35
4294967278,34
4294967278,33
4294967278,32
4294967279,296
4294967278,160
4294967279,388
4294967278,312
4294967279,414
4294967278,348
4294967279,413
4294967278,339
4294967278,62
4294967278,61
4294967278,60
4294967278,59
4294967278,58
4294967278,57
4294967278,56
4294967278,55
4294967278,54
4294967278,53
4294967278,52
4294967278,51
4294967278,50
4294967278,49
4294967278,48
4294967278,47
4294967278,46
4294967278,45
4294967278,44
4294967278,541
4294967278,43
4294967278,42
4294967279,360
4294967279,359
4294967279,358
4294967279,86
4294967279,356
4294967279,84
4294967279,391
4294967279,82
4294967279,406
4294967279,81
4294967279,79
4294967279,76
4294967279,75
4294967279,74
4294967279,73
4294967279,72
4294967279,68
4294967279,67
4294967279,66
4294967279,65
4294967279,64
4294967279,61
4294967279,59
4294967279,58
4294967279,56
4294967279,54
4294967279,53
4294967279,51
4294967279,48
4294967279,47
4294967279,46
4294967279,45
4294967279,44
4294967279,42
4294967279,39
4294967279,37
4294967279,35
4294967279,32
4294967279,31
4294967279,30
4294967279,28
4294967279,27
4294967279,23
4294967279,22
4294967279,18
4294967279,17
4294967279,260
4294967279,14
4294967279,13
4294967279,10
4294967279,9
4294967279,157
4294967279,155
4294967279,387
4294967279,346
4294967279,153
4294967279,152
4294967279,40
4294967279,398
4294967279,150
4294967279,149
4294967279,148
4294967279,147
4294967279,146
4294967279,145
4294967279,143
4294967279,142
4294967279,141
4294967279,396
4294967279,139
4294967279,138
4294967279,26
4294967279,137
4294967279,136
4294967279,134
4294967279,133
4294967279,19
4294967279,272
214,4
4294967279,271
214,3
214,2
214,1
4294967294,1517
4294967279,286
4294967278,356
4294967294,390
4294967279,269
4294967279,15
4294967278,355
4294967279,264
4294967279,263
4294967279,262
213,4
213,3
213,2
213,1
4294967279,283
4294967279,274
4294967279,258
4294967279,257
4294967279,282
4294967279,256
4294967279,255
211,4
211,3
211,2
211,1
4294967278,564
4294967279,335
4294967278,255
4294967278,563
4294967278,527
210,4
210,3
210,2
210,1
4294967278,524
4294967278,523
4294967278,522
209,4
4294967278,521
209,3
209,2
209,1
4294967278,519
4294967278,520
4294967278,518
4294967278,562
208,4
208,3
208,2
208,1
4294967278,252
4294967278,249
4294967278,247
207,4
4294967278,245
207,3
207,2
207,1
4294967278,376
4294967278,243
4294967278,238
4294967278,311
4294967278,354
206,5
4294967294,89
4294967294,185
4294967294,176
4294967294,966
4294967294,960
4294967294,897
4294967278,237
4294967278,236
206,4
206,3
206,2
206,1
4294967278,234
4294967278,232
4294967294,393
4294967294,392
4294967294,114
4294967294,1688
4294967278,230
4294967278,231
4294967278,228
205,5
4294967278,224
205,4
4294967278,222
205,3
205,2
205,1
4294967278,331
0,7
4294967294,120
4294967278,220
4294967294,1424
4294967278,313
4294967278,375
4294967278,347
4294967278,514
4294967278,212
4294967278,561
4294967278,560
4294967294,1694
4294967278,346
4294967278,353
4294967278,557
4294967278,207
4294967278,513
4294967278,345
4294967278,555
4294967278,554
4294967294,1094
